# Number of parameters = 158  Objective function value = 2574.74  Maximum gradient component = 0.000713288
# theta[1]:
-3.74251293669
# theta[2]:
5.44657702005
# theta[3]:
4.78295664316
# theta[4]:
0.822480689132
# theta[5]:
-3.72367965026
# theta[6]:
-5.60641292833
# theta[7]:
-0.927062379681
# theta[8]:
2.63564440906
# theta[9]:
-3.10723174472
# theta[10]:
-4.28957489941
# log_rec_dev:
 0.374446431543 -0.254069751897 -0.561456127971 -0.420065328439 0.479811106774 -0.728388216565 0.571569636211 -0.314218980890 -0.580488525139 0.806425521978 0.999803051554 -0.0748760407636 -0.410459583838 0.257839461097 -0.578413504949 -1.13161315298 -0.867583055048 0.461623937728 0.308829429947 -0.869260018780 -0.686171203540 0.155667378627 -1.13830020061 -1.65518651813 -1.70750327734 -1.61183402551 -1.60216476294 -1.48372215275 -1.21438923376 -0.943167696974 -0.721040338215
# init_pop:
 1.04741809627 -0.0392663944958 0.202785939300 -0.0800617757469 0.0924949487788 0.835528954102 -0.0161879539298 1.82472509952 0.150678386976 1.16076165509 0.782450196856 -0.136959486486 -0.116040723323 0.238143375244 -0.0324204048614 0.0800681357414 0.488418555015 0.0567543288992 0.0337911936665 1.11604185136 0.230472642901 0.311648842679 0.168175918825 0.541626440001 0.385976312251 0.0664166793703 0.277219197388 -0.149445816408 -0.556677182849 -0.783251894919 -0.643259793811 0.0162682778196 -0.300564440993 -0.833493524102 -1.27734795598 -1.76367033659 -0.504146804626 -1.85836770728 -0.677406443032 -1.38942259499 -0.970575363011 -1.09777999761 -0.907224716408 -1.55732998990 -2.77345953505 -2.53973390182 -1.09958325755 -0.348031647306 -1.23384285081 -0.854856238821 -0.465960704070 -0.411892349540 -0.328402798945 -1.20488149579 -0.823330791476 -0.864006742834 0.0219065280718 -0.342817567162 0.259968229776 -0.550970958662 -0.0626923327315 -1.28971122071 -1.18385122165 0.205046378082 -0.361032554516 -0.351349659451 -0.342963592503
# log_F_devs:
 -0.196222350004 -0.0802460361079 0.572351457836 0.256469474813 0.147601757583 -0.213729578805 0.347163909412 0.312337534612 0.395600505169 0.644997221653 -0.155504062538 0.489105856639 0.392355491464 0.360072936120 0.370282938389 0.175367961066 0.273950190776 0.153843777819 0.103176733753 0.335439356277 -0.0278677541924 -0.261578794331 -0.253198500698 -0.277091864944 -0.112980173913 -0.440143941083 -0.822936430272 -0.321799350505 -0.150004603122 -1.01022635716 -1.00658730571
# log_F_devs_sport:
 0.635249908924 0.774700047257 0.375424369882 -0.274046819429 0.136779244836 -0.432842941396 -0.186307872973 -0.482788795745 -0.337474278415 -0.208692862941
# mF:
 0.0711408566361 0.0581728908101 0.0482733096464 0.0403789150064 0.0338760798963 0.0283846248801 0.0236555611121 0.0195183455377 0.0158518276284
