# Number of parameters = 157  Objective function value = 2573.16  Maximum gradient component = 0.000180896
# theta[1]:
-3.74125378433
# theta[2]:
5.46810587781
# theta[3]:
4.82095795479
# theta[4]:
0.823969040839
# theta[5]:
-3.73511569233
# theta[6]:
-5.59698215909
# theta[7]:
-0.926798440628
# theta[8]:
2.63603166535
# theta[9]:
-3.11758657458
# theta[10]:
-4.29075171344
# log_rec_dev:
 0.398433145739 -0.227196697017 -0.538856683976 -0.402637470154 0.501338958563 -0.721625984154 0.588897001246 -0.303791925632 -0.572081282168 0.816676559070 1.00502201219 -0.0682140570041 -0.409756414495 0.258323530431 -0.581227461543 -1.13553825948 -0.873328069535 0.453384853160 0.297223825256 -0.878493769845 -0.697365760660 0.136934707469 -1.14973483048 -1.66881230180 -1.72262257053 -1.62683503595 -1.61546580897 -1.49580530778 -1.22470803170 -0.950507380487 -0.724602452479
# init_pop:
 1.05821358614 -0.0388384023914 0.212337990152 -0.0751124055744 0.0956462023076 0.841883381468 -0.0189428930281 1.82856407491 0.148514400385 1.16291730712 0.782952649731 -0.137246525451 -0.116412793836 0.237654662682 -0.0340332929878 0.0786904595744 0.486969675662 0.0546937349715 0.0321184043377 1.11407542476 0.228513711684 0.309687136129 0.166076224120 0.539541457759 0.384068683494 0.0641251188635 0.275196874913 -0.151451057448 -0.558726059620 -0.785512242010 -0.645558351277 0.0143235974332 -0.302617812434 -0.835488383579 -1.27991913727 -1.76694046987 -0.505469826261 -1.86178419480 -0.679191599990 -1.39196403302 -0.972566968639 -1.09995337863 -0.909131184628 -1.56005950416 -2.77758998045 -2.54360650187 -1.10140673164 -0.349803512090 -1.23677921171 -0.856992753928 -0.467888206688 -0.413852710283 -0.330424933902 -1.20751353605 -0.825288468419 -0.865938429443 0.0201025553567 -0.344838785475 0.258217394504 -0.552942797726 -0.0641726834694 -1.29301395493 -1.18693533698 0.204084533464 -0.361660339227 -0.352199205456 -0.344046502158
# log_F_devs:
 -0.221410184138 -0.103841151185 0.549957430488 0.235277041946 0.127886203262 -0.231840995591 0.330676930687 0.297346387716 0.382144415997 0.632917212390 -0.166207884711 0.480062657006 0.384948534881 0.354327820909 0.366177492968 0.173005549675 0.273409245875 0.155270911514 0.106662566726 0.341003267593 -0.0200445357455 -0.251468340378 -0.240799458802 -0.262354868416 -0.0958852169033 -0.420588238177 -0.800944463423 -0.297376354458 -0.123011364522 -0.980692468725 -0.974608144459
# log_F_devs_sport:
 0.624411732241 0.766127724641 0.369267455712 -0.277755786034 0.135456035787 -0.431718421436 -0.182740098461 -0.476649251294 -0.328811912333 -0.197587478822
# mF:
 0.0742133907607 0.0604896236820 0.0500695608508 0.0417969884797 0.0350077705608 0.0292922650186 0.0243832349713 0.0200983143593 0.0163083685973
