# Number of parameters = 158  Objective function value = 2573.13  Maximum gradient component = 0.000176311
# theta[1]:
-3.74434469226
# theta[2]:
5.44617145183
# theta[3]:
4.78224422802
# theta[4]:
0.822452625587
# theta[5]:
-3.72346494338
# theta[6]:
-5.60658998774
# theta[7]:
-0.927067350439
# theta[8]:
2.63563706759
# theta[9]:
-3.10704314054
# theta[10]:
-4.28955257152
# log_rec_dev:
 0.373991215664 -0.254567481526 -0.561884697307 -0.420392020752 0.479407063138 -0.728516708457 0.571244186460 -0.314414018368 -0.580647294674 0.806233007588 0.999705531905 -0.0750015316055 -0.410473121330 0.257831337802 -0.578362053548 -1.13153820957 -0.867474159444 0.461778690081 0.309047979034 -0.869086717229 -0.685960787624 0.156019803660 -1.13808583478 -1.65493087467 -1.70721856263 -1.61155186799 -1.60191460474 -1.48349530486 -1.21419577712 -0.943030014989 -0.720973465320
# init_pop:
 1.04721851046 -0.0392871814771 0.202608226436 -0.0801574776381 0.0924356917968 0.835406781605 -0.0161326478902 1.82465153543 0.150718739864 1.16072137440 0.782438955957 -0.136951856209 -0.116034658101 0.238152876213 -0.0323897371895 0.0800934056479 0.488446903668 0.0567932535761 0.0338204047839 1.11608068971 0.230507446500 0.311685122446 0.168221063805 0.541661323928 0.386016633700 0.0664588406837 0.277256186343 -0.149404921537 -0.556639182419 -0.783210152096 -0.643217385920 0.0163076671248 -0.300528889860 -0.833453662586 -1.27729897087 -1.76360840029 -0.504121772953 -1.85830295759 -0.677372489436 -1.38937441396 -0.970537488120 -1.09773871001 -0.907188449497 -1.55727825196 -2.77338142354 -2.53966066373 -1.09954852094 -0.347997979940 -1.23378717283 -0.854815662166 -0.465924054371 -0.411855054158 -0.328364316085 -1.20483162213 -0.823293558325 -0.863969995501 0.0219409200761 -0.342779070571 0.260001627897 -0.550933521704 -0.0626640576332 -1.28964870293 -1.18379277811 0.205064857063 -0.361020556141 -0.351333700901 -0.342943172190
# log_F_devs:
 -0.195750768476 -0.0798041875370 0.572770985526 0.256866707008 0.147971434383 -0.213389910400 0.347473206051 0.312618870478 0.395853133733 0.645224144386 -0.155302840550 0.489275972000 0.392494985345 0.360181331467 0.370360568566 0.175412865974 0.273960917110 0.153817538249 0.103111809995 0.335335329396 -0.0280142714572 -0.261768325477 -0.253431076818 -0.277368414679 -0.113301083547 -0.440511102425 -0.823349401987 -0.322257981228 -0.150511528348 -1.01078099941 -1.00718790733
# log_F_devs_sport:
 0.635453663509 0.774861187473 0.375540083980 -0.273977127271 0.136804078053 -0.432864104304 -0.186374968276 -0.482904192042 -0.337637070020 -0.208901551104
# mF:
 0.0710850348059 0.0581307086680 0.0482405065673 0.0403529965623 0.0338553755785 0.0283680064245 0.0236422301047 0.0195077128429 0.0158434549376
